5310 0.3754 -0.177 0.191 94.64 -2.35 11.16
5704 0.421 -0.238 0.1684 96.83 14.99 11.07
5856 0.3315 -0.2381 0.151 103.33 27.29 7.87
00xx 0.4382 -0.2497 0.1775 104.85 13.26 8.87
0136 0.4658 -0.2119 0.2002 95.4 7.32 8.77
0310 0.3988 -0.3184 0.1905 103.57 4.74 -5.93
1229 0.392 -0.1655 0.1574 116.3 -2.54 16.85
1359 0.4027 -0.2011 0.1799 102.3 2.68 18.26
1725 0.4012 -0.2103 0.1839 100.93 2.49 15.36
1959 0.4063 -0.2103 0.1839 100.93 2.49 15.36
2102 0.4116 -0.1996 0.1839 100.93 2.49 16.86
2216 0.4177 -0.2 0.199 100.17 0.64 16.84
2338 0.4142 -0.2119 0.2002 99.5 0.91 15.51
2447 0.439 -0.2196 0.2137 97.7 -1.45 15.97
2611 0.4354 -0.2265 0.2146 98.1 -2.35 12.6

